%%-- 01/29/18 04:29:17 PM --%%
a=2
exit()
